 0.000,  0.000,  0.000,  0.000,  0.000,  0.000,  0.000,  0.000, 
 0.000,  0.000,  0.000,  0.000,  0.000,  0.000,  0.000,  0.000, 
 0.000,  0.000,  0.000,  0.000,  0.000,  0.000,  0.000,  0.000, 
 0.000,  0.000,  0.000,  0.000,  0.000,  0.000,  0.000,  0.000, 
 0.278,  0.389,  0.481,  0.556,  0.556,  1.000,  0.722,  0.278, 
 0.333,  0.333,  0.556,  0.600,  0.278,  0.333,  0.278,  0.389, 
 0.556,  0.556,  0.556,  0.556,  0.556,  0.556,  0.556,  0.556, 
 0.556,  0.556,  0.278,  0.278,  0.600,  0.600,  0.600,  0.500, 
 0.800,  0.722,  0.611,  0.611,  0.722,  0.556,  0.500,  0.722, 
 0.722,  0.278,  0.389,  0.667,  0.500,  0.944,  0.722,  0.778, 
 0.556,  0.778,  0.611,  0.556,  0.556,  0.722,  0.667,  1.000, 
 0.667,  0.667,  0.556,  0.333,  0.389,  0.333,  0.600,  0.500, 
 0.278,  0.556,  0.611,  0.444,  0.611,  0.556,  0.389,  0.611, 
 0.611,  0.278,  0.278,  0.556,  0.278,  0.889,  0.611,  0.611, 
 0.611,  0.611,  0.389,  0.444,  0.389,  0.611,  0.556,  0.889, 
 0.556,  0.556,  0.500,  0.333,  0.222,  0.333,  0.600,  0.000, 
 0.000,  0.000,  0.000,  0.000,  0.000,  0.000,  0.000,  0.000, 
 0.000,  0.000,  0.000,  0.000,  0.000,  0.000,  0.000,  0.000, 
 0.000,  0.000,  0.000,  0.000,  0.000,  0.000,  0.000,  0.000, 
 0.000,  0.000,  0.000,  0.000,  0.000,  0.000,  0.000,  0.000, 
 0.278,  0.389,  0.556,  0.556,  0.556,  0.556,  0.222,  0.556, 
 0.278,  0.800,  0.361,  0.556,  0.600,  0.333,  0.800,  0.278, 
 0.400,  0.600,  0.361,  0.361,  0.278,  0.611,  0.620,  0.278, 
 0.278,  0.361,  0.397,  0.556,  0.834,  0.834,  0.834,  0.500, 
 0.722,  0.722,  0.722,  0.722,  0.722,  0.722,  0.944,  0.611, 
 0.556,  0.556,  0.556,  0.556,  0.278,  0.278,  0.278,  0.278, 
 0.722,  0.722,  0.778,  0.778,  0.778,  0.778,  0.778,  0.600, 
 0.778,  0.722,  0.722,  0.722,  0.722,  0.667,  0.556,  0.611, 
 0.556,  0.556,  0.556,  0.556,  0.556,  0.556,  0.889,  0.444, 
 0.556,  0.556,  0.556,  0.556,  0.278,  0.278,  0.278,  0.278, 
 0.611,  0.611,  0.611,  0.611,  0.611,  0.611,  0.611,  0.600, 
 0.611,  0.611,  0.611,  0.611,  0.611,  0.556,  0.611,  0.556, 
